7
63 51 0.025 0.013 0.7 0.007 1
63 57 0.028 0.011 0.7 0.007 1
64 49 0.034 0.007 0.6 0.007 1
61 50 0.037 0.007 0.5 0.008 1
61 42 0.039 0.005 0.5 0.008 1
61 47 0.041 0.004 0.5 0.007 1
62 48 0.041 0.005 0.5 0.008 1
60 48 0.041 0.007 0.5 0.008 1
64 50 0.099 0.01 0.5 0.008 0
70 46 0.044 0.007 0.5 0.009 1
75 44 0.047 0.005 0.5 0.008 1
75 49 0.049 0.004 0.5 0.008 1
75 49 0.049 0.005 0.5 0.008 1
83 51 0.151 0.005 0.6 0.007 0
82 57 0.15 0.006 0.6 0.007 0
79 59 0.101 0.007 0.6 0.007 0
68 53 0.03 0.007 0.5 0.005 1
62 48 0.041 0.006 0.5 0.005 1
48 24 0.058 0.015 0.5 0.01 1
59 17 0.043 0.029 0.5 0.005 1
55 32 0.035 0.041 0.5 0.005 1
63 43 0.019 0.065 0.6 0.006 1
111 55 0.007 0.077 1.1 0.011 0
133 69 0.005 0.073 1.1 0.007 0
47 29 0.002 0.033 0.8 0.003 1
47 32 0.002 0.036 0.8 0.003 1
45 35 0.002 0.036 1 0.005 1
43 32 0.002 0.036 0.9 0.005 1
49 31 0.002 0.036 0.8 0.004 1
45 34 0.002 0.04 1 0.006 1
63 35 0.003 0.045 1.2 0.008 1
77 47 0.003 0.046 1.4 0.011 1
67 19 0.017 0.024 0.5 0.003 1
69 16 0.016 0.026 0.4 0.003 1
59 20 0.012 0.031 0.5 0.003 1
67 21 0.008 0.038 0.5 0.003 1
57 25 0.008 0.038 0.5 0.004 1
63 19 0.014 0.026 0.4 0.003 1
57 20 0.007 0.038 0.7 0.005 1
63 26 0.007 0.039 0.9 0.005 1
63 30 0.006 0.035 0.8 0.004 1
61 26 0.007 0.035 1.1 0.006 1
55 25 0.007 0.032 1 0.005 1
57 28 0.006 0.03 0.7 0.004 1
53 22 0.006 0.028 0.8 0.003 1
51 23 0.006 0.028 0.9 0.004 1
47 26 0.006 0.025 0.9 0.003 1
47 23 0.006 0.024 0.9 0.003 1
47 22 0.006 0.026 0.9 0.004 1
55 24 0.006 0.026 0.9 0.004 1
53 25 0.006 0.026 1.2 0.005 1
53 29 0.006 0.032 1.4 0.008 1
59 31 0.03 0.026 0.4 0.003 1
49 25 0.019 0.038 0.4 0.004 1
51 32 0.007 0.063 0.8 0.007 1
67 42 0.007 0.069 1.2 0.008 1
67 50 0.007 0.059 1 0.006 1
75 48 0.006 0.056 1 0.005 1
71 46 0.006 0.045 0.8 0.003 1
67 45 0.006 0.046 1 0.002 1
61 50 0.006 0.039 0.8 0.002 1
65 44 0.007 0.04 0.9 0.002 1
73 49 0.007 0.034 0.9 0.002 1
57 42 0.007 0.035 0.9 0.002 1
69 51 0.007 0.032 0.9 0.002 0
67 47 0.006 0.031 0.8 0.002 1
63 51 0.007 0.036 0.9 0.004 1
80 50 0.1 1 0.5 0.099 0
81 53 0.11 1.2 0.49 0.01 0
80 50 0.09 1 0.52 0.02 0
90 67 0.12 0.99 0.51 0.01 0
79 101 0.151 1.03 0.66 0.023 0
151 49 0.132 1.53 0.92 0.03 0
83 57 0.099 0.035 0.5 0.008 0
79 30 0.007 0.028 1.2 0.002 1
34 23 0.006 0.047 0.7 0.005 1
85 79 0.011 0.045 0.7 0.004 0
57 38 0.010 0.034 0.6 0.004 1
28 16 0.023 0.019 0.4 0.002 1
122 60 0.015 0.027 0.4 0.005 0
130 67 0.012 0.032 0.9 0.005 0
42 17 0.012 0.041 0.5 0.007 1
37 18 0.032 0.008 0.5 0.002 1
36 21 0.030 0.019 0.4 0.002 1
31 13 0.016 0.034 0.4 0.003 1
132 225 0.005 0.062 0.16 0.023 0
65 134 0.024 0.027 0.7 0.008 0
124 177 0.016 0.022 0.13 0.017 0
43 91 0.007 0.047 0.7 0.004 1
51 68 0.025 0.018 0.7 0.006 1
76 159 0.005 0.030 0.9 0.010 0
96 132 0.011 0.038 0.8 0.009 0
61 134 0.009 0.027 0.7 0.007 0
102 165 0.021 0.030 0.9 0.008 0
21 21 0.022 0.001 0.3 0.008 1
50 116 0.002 0.030 0.23 0.009 0
55 61 0.009 0.034 0.7 0.010 1
57 93 0.018 0.018 0.6 0.009 1
50 72 0.005 0.042 0.11 0.010 1
39 68 0.013 0.034 0.5 0.004 1
31 78 0.015 0.024 0.5 0.006 1
39 72 0.016 0.025 0.5 0.007 1
45 91 0.012 0.047 0.6 0.007 1
48 87 0.026 0.010 0.5 0.004 1
50 68 0.004 0.026 0.5 0.007 1
54 132 0.009 0.034 0.7 0.007 0
41 76 0.010 0.023 0.8 0.004 1
56 120 0.013 0.022 0.5 0.007 0
51 119 0.006 0.032 0.7 0.006 0
20 117 0.010 0.021 0.6 0.020 0
29 34 0.020 0.006 0.6 0.006 1
85 159 0.039 0.009 0.7 0.006 0
14 16 0.027 0.006 0.2 0.002 1
39 89 0.006 0.028 0.7 0.009 1
30 68 0.015 0.023 0.5 0.007 1
36 91 0.017 0.020 0.6 0.009 1
31 53 0.016 0.026 0.9 0.006 1
32 93 0.006 0.038 0.6 0.009 1
47 102 0.011 0.037 0.7 0.007 0
56 104 0.013 0.031 0.6 0.007 0
47 78 0.004 0.039 0.8 0.006 1
31 53 0.016 0.023 0.9 0.006 1
59 82 0.013 0.033 0.5 0.006 1
16 59 0.025 0.003 0.3 0.004 1
25 30 0.030 0.010 0.3 0.007 1
44 102 0.015 0.028 0.6 0.004 0
66 109 0.034 0.010 0.9 0.015 0
54 104 0.033 0.008 0.14 0.010 0
137 338 0.026 0.016 0.15 0.019 0
131 188 0.015 0.019 0.15 0.012 0
97 159 0.026 0.015 0.11 0.016 0
43 89 0.034 0.006 0.6 0.05 1
67 107 0.029 0.007 0.4 0.005 0
56 117 0.027 0.006 0.6 0.009 0
45 53 0.023 0.006 0.7 0.005 1
9 106 0.011 0.007 0.0 0.006 0
13 30 0.035 0.006 0.4 0.006 1
51 70 0.031 0.008 0.6 0.021 1
22 61 0.016 0.008 0.8 0.027 1
45 53 0.023 0.006 0.7 0.005 1
55 127 0.001 0.014 0.5 0.007 0
26 75 0.007 0.001 0.2 0.009 1
91 185 0.018 0.024 0.13 0.015 0
93 181 0.024 0.001 0.13 0.015 0
0 170 0 0 0.37 0.015 0
90 155 0.015 0.044 0.15 0.013 0
71 142 0.014 0.025 0.8 0.009 0
61 129 0.019 0.015 0.6 0.005 0
55 87 0.007 0.030 0.7 0.011 1
52 97 0.020 0.016 0.7 0.006 1
91 171 0.006 0.039 0.14 0.010 0
37 78 0.012 0.024 0.6 0.005 1
52 85 0.031 0.012 0.6 0.008 1
54 109 0.024 0.016 0.5 0.006 0
53 85 0.022 0.008 0.7 0.005 1